1000000000000000000000001111111111000000000000000000000000000000000000000000000000000000000000000
0000100001100001000100000100001100101101111111000001100000110000000000000000000000000000000000001
0000110010000010001000001000010101101101111010111111011111101111100000000000000000000000000000001
0001000000100011000010010000011011101101100010110011011110101111100000000000000000000000000000001
0001010001000101001010010000011100100100100110110001011001101100100000000000000000000000000000001
0001100010000010000110001000010010011100101010010111001100100110100000000000000000000000000000001
0001110001100001000100000100001101101000001100001001011000101100100000000000000000000000000000001
0010000010100100001100001100101001011000001100001000001001000100100000000000000000000000000000001
0010010010100100000010010100100101101001010000101010010110001011000000000000000000000000000000001
0010100011000101001000011000101100101101000010100001010000101000000000000000000000000000000000001
0011000001000110001010011100110001010000011100011001010000101000000000000000000000000000000000001
1000000000000000000000000000000000000000000000000000000000000000110000000000000000000000001000011
0011010000100111001100100000111001101010001101010000111001100001100000000000000000000000000000001
0011100011100011001110011100110001011000111000011110010000010110000000000000000000000000000000001
0011110011001000000110011001000101101001001100101000010111001100000000000000000000000000000000001
0100000100001001010000010101001000100001011000101110011000011001100000000000000000000000000000001
0100010000100011000110011000101101101000010100010010001010000101100000000000000000000000000000001
0100100010100110001010010100100100101000010100001110001001000100100000000000000000000000000000001
0100110011000101001100100000111101101000011100010010001100000110000000000000000000000000000000001
0101000001000111001110011100110011100000100101001011000000100000000000000000000000000000000000001
0101010011100100000010011100110100100000110100100000010010011000000000000000000000000000000000001
0101100011001000001000100000111100101010010101100001000000100000000000000000000000000000000000001
0101110100000110010000010100100101101011000001101000110100011010000000000000000000000000000000001
0110000100101010010010011001000010011011100101110010111001011100100000000000000000000000000000001
0110010001100001000100000100001101101010010001011000110101011010100000000000000000000000000000001
0110100010000010001100001000011100101010010001011000110000011000000000000000000000000000000000001
0110110011101001010010001101001101101010010001100000110100011100100000000000000000000000000000001
0111000101000100000110100100010011100011010001110010111010100001100000000000000000000000000000001
0111010100101010010100100100010101101011010001110100111010011101000000000000000000000000000000001
0111100001001011010110001101010100101011101001111010111111100001100000000000000000000000000000001
0111110010000010001000001000011101101011001001111010111101011110100000000000000000000000000000001
1000000000100001000010000100001000001001110001011010110010011111100000000000000000000000000000001
1000010011000110001100011100110101101011001001110010111001011100100000000000000000000000000000001
1000100001000100001110100000111100101011011101110010111011011110100000000000000000000000000000001
1000110010100111000110010100100101101011101101110110111011011101100000000000000000000000000000001
1001000011100101001010011001000011100011000110000011000001100000100000000000000000000000000000001
1001010100000011001000011000101101101011000101100010110001011000100000000000000000000000000000001
1001100000100111000010010101001100101011000101111011000001100000100000000000000000000000000000001
1001110100101001001110100000111101101011010001101000110100011010000000000000000000000000000000001
1010000011000110010100011100110010011010000101101000110100011010000000000000000000000000000000001
1010010010000010010000001000011101101011000101101010110101011010100000000000000000000000000000001
1010100100001000000110001101010100101010000101000010100001010000100000000000000000000000000000001
1010110000100001000100000100001101101011010101101010110101011010100000000000000000000000000000001
1011000001101010001100101001011011100001010101000010110011011001100000000000000000000000000000001
1011010001101011010010101001011101101001010101000010100001010000100000000000000000000000000000001
1011100010100001000100000100001100101010110101100110110011011001100000000000000000000000000000001
1011110011100100000010001100010101101001010100111000011100001110000000000000000000000000000000001
1100000001000010001000001000011001010001110001010000101101010110100000000000000000000000000000001
1100010100101000010010010001000101101010001001001110100111010011100000000000000000000000000000001
1100100101001001010000100100010100100001110101000100100111010110100000000000000000000000000000001
1100110001100100000010101000011101101010100001010100101101010110100000000000000000000000000000001
1101000010000001000100000100001011100010110101100100110010011001000000000000000000000000000000001
1101010010000001000100000100001101101011000001100100110010011001000000000000000000000000000000001
1101100001100101001100101000011100101011000001100010110001011000100000000000000000000000000000001
1101110000101011001010100101001101101010100001100000110001011001000000000000000000000000000000001
1110000101100011000110010001010010011010011101010000101000010100000000000000000000000000000000001
1110010001000101001000100000111101101010010101010110101101010110100000000000000000000000000000001
1110100000100011000010011100110100101010010101010000101000010100000000000000000000000000000000001
1110110100001100001110011000101101101010011101010000101000010100000000000000000000000000000000001
1111000010100110010100010100100011100010011101001110100111010011100000000000000000000000000000001
1111010011000110000110010100100101101110000010111111011110101110100000000000000000000000000000001
1111100110000100001010011000101100101110000010111111011110101110100000000000000000000000000000001
0000000101000111001100011100110101101000000000001011011111110000000000000000000000000000000000000
0000010000000000000000000000000000000000000000000000000000000000000000000000000000000000000000001
