10000000000000000000000011111111110000000000000000000000000000000000000000000000000000000000000001
00000000000000000000000000000000000000000000000000000000000000000000000000000000000000000000000110
00000000000000000000000000000000000000000000000000000000000000000000000000000000000000000000010100
00000000000000000000000000000000000000000000000000000000000000000000000000000000000000000001001000
00000000000000000000000000000000000000000000000000000000000000000000010000000000000000000001010000
00000000000000000000000000000000000000000000000000000000000000000000011110000000000000000010100000
00000000000000000000000000000000000000000000000000000000000000000000000000000000001100000101001100
00000000000000000000000000000000000000000000000000000000000000000000000000000000000000001010000000
00000000000011100000000000000000000000000000000000000000000000000000000000000000000000010100000000
00000000000000000000000000000000000000000000000000000000000000000000000000000000000000101000000000
00000000000000000000000000000000000000000000000000000000000000000000001000000000000001010000000000
00000000000000000000000000000000000000000000000000000110000000000000000000000001000011100000000000
00000000000000000000000100001000000000000000011000000000000000000000000000000000000101000000000000
01110000000000000000000000000000000000000000000000000000000000000000000000000000001010000000000000
00000111100000000000000000000000000000000000000000000000000000000000000000000000010100000000000000
00000011110000000000000000000000000000000000000000000000000000000000000000000000101000000000111000
00000000000000000000000000000000000000000000000000000000000000000000000000000001010000100010010000
00000000000000000000000000000000000000000000000000000000000000000000000000000010100000010000100000
00000000000000000000000000000000000000000000000000000000000000000000000000000101000000001000000000
00000000000000000000000000000000000000000000000000000000000000000000000000001010000000000001001010
00000000000000000000000000000000000000000000000000000000000000000000000000010100000000000000000000
00000000000000001000000000000000000000000001000000000000000000000000000000101000000000000000000000
00000000000000000000000000100000000000000000000000000000000000000000000001010000000000000000000000
00000000000000000000000000000100000000000000000000000000000000000000000010100000000000000000000000
00000000000010000000000000000100000000000000000000000000000000000000000101000000000000000000000000
00000000000000000001000000000000000000000000000000000000000000000000001010000000000000000000000000
00000000001000000000001000000000000000000000000000000000000000000000010100000000000000000000000000
00000000000000000000000001000010000000000000000000000000000000000000101000000000000000000000000000
00000000000000000000000010000000000000010000000000000000000000000001010000000000000000000000000000
00000000000000000000000000000100000000100000000000000000000000000010100000000000000000000000000000
00000000000000000000000000000001010000000000000000000000000000000101000000000000000000000000000000
00000000000000000001000000000000100000000000000000000000000000001010000000000000000000000000000000
00000000000000000010000100000000000000000000000000000000000000010100000000000000000000000000000000
00000000000000000000001010000000000000000000000000000000000000101000000000000000000000000000000000
00000000000000000000000001010000000000000000000000000000000001010000000000000000000000000000000000
00000000000000000000000000100000000000000000000000000000000010100000000000000000000000000000000000
00000000000000000000000001000100000000000000000000000000000101000000000000000000000000000000000000
00000000000010000000000010001000000000000000000000000000001010000000000000000000000000000000000000
00000000000000000000000000000000000000000000000000000000010100000000000000000000000000000000000000
00000000000001000000000000000000000000000000000000000000101000000000000000000000000000000000000000
00000000010000000000000000000000000000000000000000000001010000000000000000000000000000000000000000
00000000000010000000000000000000000000000000000000000010100000000000000000000000000000000100000000
00000000000100000000000000000000000000000000000000000101000000000000000000000000000000001000000000
00000000000000000000000000000000000000000000000000001010000000000000000000000000000000010000000000
00000001000000000000000000000000000000000000000000010100000000000000000000100000000000000000000000
00000010000000000000000000000000000000000000000000101000000000000000000001000000000000000000000001
00000000000000000000000000000000000000000000000001010000000000000000000000000001000000000000000010
00000000000000000000000000000000000000000000000010100000000000000000000000000001000000000000000000
00000000000000000000000000000000000000000000000101000000000000000000000000000010000100001000000000
00000000000000000000000000000000000000000000001010000000000000000000000000000000000000001010000000
00000000000000000000000000000000000000000000010100000000000000000000000000000000000000000000100000
00000000000000000000000000000000000000000000101000000000000000000000000000000000000000000000001000
00000000000000000000000000000000000000000001010000000000000000000000000000000000000000000000000100
00000000000000000000000000000000000000000010100000000000000000000000000000000000000000000000111000
00000000000000000000000000000000000000000101000000000000000000000000000000000000000100000000000000
00000000000000000000000000000000000000001010000000000000000000000000000000000000000001010000000000
00000000000000000000000000000000000000010100000000000000000000000000000000000010000000000000000000
00000000000000000000000000000000000000101000000000000000000000000000000000000000100000000000000000
00000000000000000000000000000000000001010000000000000000000000000000000000000010000000000000000000
00000000000000000000000000000000000010100000000000000000000000000000000000000000000000000000000000
00000000000000000000000000000000000101000000000000000000000000000000000000000000000000000000000000
00000000000000000000000000000000001010000000000000000000000000000000000000000000000000000000000000
0000000000000000000000000000000001000000000000000000000000000000000000000000000000000000000000000
