10000000000000000000000011111111110000000000000000000000000000000000000000000000000000000000000001
00001000001100000100001100001100000110010110110110111011100000110000011000000000000000000000000001
00001100010100001100010000010000001010110110110110110111011101101111010111110000000000000000000001
00011100011000010000010100010100001101110010110110001011011101101111010111100000000000000000000001
00000000000000000000000000000000000000000000000000000000000000000000010000000000000000000001010000
00000000000000000000000000000000000000000000000000000000000000000000011110000000000000000010100000
00000000000000000000000000000000000000000000000000000000000000000000000000000000001100000101001100
00100100010000010100011000011000010101001110010010101101011010101101010110100000000000000000000001
00000000000011100000000000000000000000000000000000000000000000000000000000000000000000010100000000
00101000011100011000011100011100010000101010010110011011001111101011010101100000000000000000000001
01001000100000001000100000100100011000110010110100100111001000101010110101110000000000000000000001
00000000000000000000000000000000000000000000000000000110000000000000000000000001000011100000000000
00000000000000000000000100001000000000000000011000000000000000000000000000000000000101000000000000
01110000000000000000000000000000000000000000000000000000000000000000000000000000001010000000000000
00000111100000000000000000000000000000000000000000000000000000000000000000000000010100000000000000
00000011110000000000000000000000000000000000000000000000000000000000000000000000101000000000111000
00000000000000000000000000000000000000000000000000000000000000000000000000000001010000100010010000
00000000000000000000000000000000000000000000000000000000000000000000000000000010100000010000100000
01010000100100011100100100101000011101110010010010010111001111101100010110000000000000000000000001
00000000000000000000000000000000000000000000000000000000000000000000000000001010000000000001001010
01011000000100100000101000101100100110010010010000110101001001100110110011010000000000000000000001
00000000000000001000000000000000000000000001000000000000000000000000000000101000000000000000000000
01011100011100011000011100011100101000000101110101111000111110100100110010110000000000000000000001
01110100101000100100101100110000101101001110010000100110011101100011010010100000000000000000000001
00000000000010000000000000000100000000000000000000000000000000000000000101000000000000000000000000
00000000000000000001000000000000000000000000000000000000000000000000001010000000000000000000000000
00000000001000000000001000000000000000000000000000000000000000000000010100000000000000000000000000
00000000000000000000000001000010000000000000000000000000000000000000101000000000000000000000000000
00000000000000000000000010000000000000010000000000000000000000000001010000000000000000000000000000
10001000010100001100010000010000110000001110010000111010100100100001010001000000000000000000000001
00000000000000000000000000000001010000000000000000000000000000000101000000000000000000000000000000
00000000000000000001000000000000100000000000000000000000000000001010000000000000000000000000000000
00000000000000000010000100000000000000000000000000000000000000010100000000000000000000000000000000
00000000000000000000001010000000000000000000000000000000000000101000000000000000000000000000000000
10010000101100101000110000110100100001110010010000110110011101011101101111110000000000000000000001
00000000000000000000000000100000000000000000000000000000000010100000000000000000000000000000000000
10011000001000101100110100111000110110010010010000110010011101011100101111010000000000000000000001
00000000000010000000000010001000000000000000000000000000001010000000000000000000000000000000000000
11001000110000110000111000000100110001001110010000010010110111011101101110110000000000000000000001
00000000000001000000000000000000000000000000000000000000101000000000000000000000000000000000000000
00000000010000000000000000000000000000000000000000000001010000000000000000000000000000000000000000
00000000000010000000000000000000000000000000000000000010100000000000000000000000000000000100000000
00000000000100000000000000000000000000000000000000000101000000000000000000000000000000001000000000
00000000000000000000000000000000000000000000000000001010000000000000000000000000000000010000000000
00000001000000000000000000000000000000000000000000010100000000000000000000100000000000000000000000
00000010000000000000000000000000000000000000000000101000000000000000000001000000000000000000000001
00000000000000000000000000000000000000000000000001010000000000000000000000000001000000000000000010
00000000000000000000000000000000000000000000000010100000000000000000000000000001000000000000000000
00000000000000000000000000000000000000000000000101000000000000000000000000000010000100001000000000
00000000000000000000000000000000000000000000001010000000000000000000000000000000000000001010000000
11001100110100110100000100001000111001110010010001010110101111101110010111110000000000000000000001
11010000111000111000111100111100111101110010010001010100101110101110010111010000000000000000000001
11011000011000010000010100010100001110010010010001010010101101101001110111110000000000000000000001
00000000000000000000000000000000000000000010100000000000000000000000000000000000000000000000111000
11100000001100000100001100001101000001001110010001001110101011100111010100110000000000000000000001
00000000000000000000000000000000000000001010000000000000000000000000000000000000000001010000000000
11100100101000010100011000011000010110010010010001001010101001010100101010010000000000000000000001
11101000110000110000111001000100101010010010010001001000101000101000010100000000000000000000000001
11101100111100111101000101001001000101110010010001000110100111100111010011100000000000000000000001
11110001000100100000101000101100100101110010110101000110100100010010101001100000000000000000000001
00000001001001000101001000100000000110110110110101000100100011010010001001010000000000000000000000
00000000000000000000000000000000001010000000000000000000000000000000000000000000000000000000000000
00000100000000000000000000000000010000000000000000000000000000000000000000000000000000000000000001
